10010101101000000000
10011111111100011001
10100011010100011010
10100011011000011010
00110011011000011010
00110011010100011010
10101111111100000001
00110000000100011010
01110010010100011010
01111011010110011010
01110010110100011010
00100000110000000100
00100001110000000100
01100011001100001111
01100101010101010101
11101100001111111111
11101001011000000000
00001100110001010101
00001111111111111111
01001111111100000001
01010000000000000111
00011010101001010101
00010000000000000000
11011100110011110000
11010000111111110000
11111111111100000000
10111111111100000000
